7 178
9 224
10 277
16 121
12 141
5 68
3 60
6 107
20 476
5 125
28 347
20 514
7 81
14 211
4 100
6 116
35 361
33 548
12 183
35 318
9 352
30 367
8 158
8 132
3 71
15 212
16 236
23 385
7 116
12 199
10 115
14 272
6 99
3 34
5 42
39 600
7 75
28 523
10 266
30 652
7 59
11 181
19 373
15 455
34 523
31 493
11 229
7 82
5 162
16 402
6 130
25 272
19 471
12 410
13 148
5 96
4 80
21 570
5 118
5 158
10 190
58 831
68 479
60 607
12 142
8 131
100 793
5 128
5 130
4 68
7 178
9 224
10 277
16 121
12 141
5 68
3 60
20 476
6 107
5 125
28 347
20 514
7 81
4 100
6 116
14 211
35 361
33 548
35 318
12 183
9 352
30 367
8 158
15 212
3 71
8 132
16 236
7 116
23 385
12 199
10 115
14 272
6 99
39 600
3 34
5 42
7 75
28 523
10 266
11 181
7 59
30 652
19 373
15 455
34 523
31 493
11 229
7 82
5 162
16 402
6 130
25 272
19 471
12 410
13 148
5 96
21 570
4 80
5 118
5 158
10 190
68 479
58 831
60 607
12 142
8 131
